Amount of descriptions in dictionary is 0
[[ 0.99999244  0.00359614 -0.00148107 -0.00975169]
 [-0.00359253  0.99999059  0.00243075  0.01316865]
 [ 0.00148979 -0.00242541  0.99999595  0.00283775]
 [ 0.          0.          0.          1.        ]]
Processing step 1
[[ 9.99996268e-01  2.61211237e-03  8.00977937e-04 -1.21653522e-02]
 [-2.61929343e-03  9.99955169e-01  9.09935748e-03  4.14478974e-03]
 [-7.77173485e-04 -9.10142151e-03  9.99958279e-01  4.86083298e-03]
 [ 0.00000000e+00  0.00000000e+00  0.00000000e+00  1.00000000e+00]]
Processing step 2
[[ 9.99999278e-01  1.19070383e-03  1.64507270e-04 -9.12149303e-03]
 [-1.19216860e-03  9.99956868e-01  9.21093548e-03  1.57411792e-03]
 [-1.53532678e-04 -9.21112495e-03  9.99957565e-01  5.78677017e-03]
 [ 0.00000000e+00  0.00000000e+00  0.00000000e+00  1.00000000e+00]]
Processing step 3
[[ 9.99998492e-01 -8.75633679e-04  1.49989692e-03 -7.73461979e-03]
 [ 8.60066706e-04  9.99946087e-01  1.03480861e-02 -4.43065029e-03]
 [-1.50887719e-03 -1.03467805e-02  9.99945332e-01  5.79151774e-03]
 [ 0.00000000e+00  0.00000000e+00  0.00000000e+00  1.00000000e+00]]
Processing step 4
[[ 0.99999375 -0.00293045  0.00197662 -0.00835415]
 [ 0.00291811  0.9999764   0.00621937 -0.00320429]
 [-0.0019948  -0.00621356  0.99997871  0.00486291]
 [ 0.          0.          0.          1.        ]]
Processing step 5
[[ 9.99999472e-01  8.69499408e-04  5.48315833e-04 -5.57209574e-03]
 [-8.72508597e-04  9.99984429e-01  5.51191026e-03 -2.32615192e-03]
 [-5.43514692e-04 -5.51238576e-03  9.99984659e-01  4.42862598e-03]
 [ 0.00000000e+00  0.00000000e+00  0.00000000e+00  1.00000000e+00]]
Processing step 6
[[ 9.99995554e-01  2.91057754e-03  6.49171282e-04 -9.89436857e-03]
 [-2.91342208e-03  9.99985967e-01  4.42476345e-03  1.43170543e-03]
 [-6.36283555e-04 -4.42663509e-03  9.99990000e-01  3.87157654e-03]
 [ 0.00000000e+00  0.00000000e+00  0.00000000e+00  1.00000000e+00]]
Processing step 7
[[ 9.99998199e-01  1.75245940e-03 -7.29088484e-04 -8.41775981e-03]
 [-1.74969985e-03  9.99991368e-01  3.76849784e-03  1.39338174e-02]
 [ 7.35686330e-04 -3.76721537e-03  9.99992633e-01  3.04662828e-03]
 [ 0.00000000e+00  0.00000000e+00  0.00000000e+00  1.00000000e+00]]
Processing step 8
[[ 9.99996740e-01  2.53242850e-03 -3.26588204e-04 -2.93668099e-03]
 [-2.52861474e-03  9.99934166e-01  1.11923603e-02  3.75991644e-03]
 [ 3.54910556e-04 -1.11914980e-02  9.99937310e-01  5.00849066e-03]
 [ 0.00000000e+00  0.00000000e+00  0.00000000e+00  1.00000000e+00]]
Processing step 9
[[ 0.99999341  0.0014501   0.00332824  0.00115181]
 [-0.00148996  0.99992683  0.0120046  -0.00330514]
 [-0.00331059 -0.01200948  0.9999224   0.00547496]
 [ 0.          0.          0.          1.        ]]
Processing step 10
[[ 9.99987875e-01  2.32985500e-03  4.33847399e-03 -2.31994797e-04]
 [-2.37727133e-03  9.99937151e-01  1.09563703e-02 -2.99053902e-03]
 [-4.31267457e-03 -1.09665512e-02  9.99930565e-01  5.18493994e-03]
 [ 0.00000000e+00  0.00000000e+00  0.00000000e+00  1.00000000e+00]]
Processing step 11
[[ 9.99988004e-01  1.07863014e-03  4.77793490e-03  4.86168152e-04]
 [-1.12542505e-03  9.99951325e-01  9.80212343e-03 -1.30114149e-02]
 [-4.76712946e-03 -9.80738305e-03  9.99940543e-01  5.19187346e-03]
 [ 0.00000000e+00  0.00000000e+00  0.00000000e+00  1.00000000e+00]]
Processing step 12
[[ 9.99978045e-01 -2.12553109e-03  6.27633230e-03 -3.52828166e-04]
 [ 2.10097453e-03  9.99990123e-01  3.91657020e-03 -1.59330076e-02]
 [-6.28459510e-03 -3.90329779e-03  9.99972634e-01  3.73819217e-03]
 [ 0.00000000e+00  0.00000000e+00  0.00000000e+00  1.00000000e+00]]
Processing step 13
[[ 9.99987439e-01 -9.23808385e-04  4.92623783e-03 -5.76200765e-03]
 [ 9.32648870e-04  9.99997958e-01 -1.79257614e-03  1.37143376e-03]
 [-4.92457177e-03  1.79714807e-03  9.99986259e-01  2.13907135e-03]
 [ 0.00000000e+00  0.00000000e+00  0.00000000e+00  1.00000000e+00]]
Processing step 14
[[ 9.99997294e-01 -2.51706382e-04  2.31274265e-03 -5.19280580e-03]
 [ 2.50604915e-04  9.99999855e-01  4.76537693e-04  4.56477306e-03]
 [-2.31286227e-03 -4.75956818e-04  9.99997212e-01  3.08007079e-03]
 [ 0.00000000e+00  0.00000000e+00  0.00000000e+00  1.00000000e+00]]
Processing step 15
[[ 0.99999306 -0.00249467  0.00276782 -0.00288405]
 [ 0.0024751   0.99997208  0.00705092 -0.00971977]
 [-0.00278533 -0.00704402  0.99997131  0.00506865]
 [ 0.          0.          0.          1.        ]]
Processing step 16
[[ 0.99999268 -0.0022582   0.0030874  -0.00296686]
 [ 0.00224677  0.99999062  0.00370295  0.00161797]
 [-0.00309573 -0.00369598  0.99998838  0.00421774]
 [ 0.          0.          0.          1.        ]]
Processing step 17
[[ 9.99995677e-01  1.49206820e-03  2.53368964e-03  6.33461582e-03]
 [-1.50667777e-03  9.99982195e-01  5.77403971e-03 -7.04554233e-04]
 [-2.52502927e-03 -5.77783220e-03  9.99980120e-01  3.43718796e-03]
 [ 0.00000000e+00  0.00000000e+00  0.00000000e+00  1.00000000e+00]]
Processing step 18
[[ 9.99977736e-01  8.47693953e-04  6.61882767e-03  6.68771664e-04]
 [-8.92307695e-04  9.99976885e-01  6.74038856e-03 -3.80831558e-03]
 [-6.61296089e-03 -6.74614452e-03  9.99955378e-01  4.71151437e-03]
 [ 0.00000000e+00  0.00000000e+00  0.00000000e+00  1.00000000e+00]]
Processing step 19
[[ 9.99978354e-01  8.66622565e-05  6.57909113e-03  2.86094192e-03]
 [-1.46344333e-04  9.99958842e-01  9.07153803e-03 -8.03954536e-03]
 [-6.57803419e-03 -9.07230448e-03  9.99937209e-01  4.75623517e-03]
 [ 0.00000000e+00  0.00000000e+00  0.00000000e+00  1.00000000e+00]]
Processing step 20
[[ 0.99996865  0.00237142  0.00755539 -0.00182323]
 [-0.00240606  0.99998662  0.00457974 -0.00518197]
 [-0.00754443 -0.00459778  0.99996097  0.00378212]
 [ 0.          0.          0.          1.        ]]
Processing step 21
[[ 0.99997953  0.0027954   0.00575527 -0.00334963]
 [-0.0028152   0.99999014  0.00343548 -0.00344209]
 [-0.00574561 -0.00345161  0.99997754  0.00405903]
 [ 0.          0.          0.          1.        ]]
Processing step 22
[[ 0.99998264  0.00221523  0.00546013 -0.00882648]
 [-0.00223764  0.99998908  0.00410297 -0.00308008]
 [-0.00545098 -0.00411512  0.99997668  0.00315413]
 [ 0.          0.          0.          1.        ]]
Processing step 23
[[ 0.99999409  0.00313737 -0.00140417 -0.01781101]
 [-0.00313148  0.99998637  0.00417787 -0.00210441]
 [ 0.00141726 -0.00417345  0.99999029  0.00320303]
 [ 0.          0.          0.          1.        ]]
Processing step 24
[[ 0.99998602 -0.00171567 -0.00500113 -0.00875577]
 [ 0.0017414   0.99998524  0.00514568 -0.00250679]
 [ 0.00499222 -0.00515431  0.99997426  0.00412423]
 [ 0.          0.          0.          1.        ]]
Processing step 25
[[ 9.99981472e-01 -2.30973326e-03 -5.63206056e-03 -7.21342548e-03]
 [ 2.33840968e-03  9.99984310e-01  5.09038133e-03 -5.66247192e-04]
 [ 5.62021477e-03 -5.10345709e-03  9.99971184e-01  4.53680417e-03]
 [ 0.00000000e+00  0.00000000e+00  0.00000000e+00  1.00000000e+00]]
Processing step 26
[[ 0.99998877 -0.00295455 -0.00370565  0.00107457]
 [ 0.00297347  0.99998252  0.00511123 -0.00742108]
 [ 0.00369049 -0.00512219  0.99998007  0.0045821 ]
 [ 0.          0.          0.          1.        ]]
Processing step 27
[[ 0.99999417 -0.00136995  0.00312915 -0.00261134]
 [ 0.00137598  0.9999972  -0.00192515  0.00559343]
 [-0.00312651  0.00192944  0.99999325  0.0032597 ]
 [ 0.          0.          0.          1.        ]]
Processing step 28
[[ 9.99994246e-01 -2.62887202e-03  2.14388454e-03 -7.14226585e-04]
 [ 2.62385569e-03  9.99993822e-01  2.33929733e-03  2.85395769e-03]
 [-2.15002101e-03 -2.33365862e-03  9.99994966e-01  3.78549251e-03]
 [ 0.00000000e+00  0.00000000e+00  0.00000000e+00  1.00000000e+00]]
Processing step 29